function [ ehc ] = caseN10B13_Lin

%   I      Type     a       b       c       d       e       f    In_Max  Seg_Num
ehc.node = [
    1       -1      0       0       0       0       0       0       0       0
    2       -1      0       0       0       0       0       0       0       0
    3       0       0       0       0       0       0       0       0       0
    4       0       0       0       0       0       0       0       0       0
    5       0       0       0       0       0       0       0       0       0
    6       6       0       0  2.9977       0       0       0     400       0
    7       7       0       0       3       0       0       0     400       0
    8       3       0       0   0.33515  0.469401   0       0     910       0
    9       5       0       0     0.8       0       0       0     900       0
   10       9       0       0       0    0.91       0    3200     800       0
    ];

%   I      Type   Source   Sink   Class
ehc.branch=[
    1       1       1       4       0
    2       1       1       6       0
    3       1       1       7       0
    4       4       2       8       0
    5       4       2       9       0
    6       2       6       3       0
    7       3       7       5       0
    8       1       8       4       0
    9       3       8       5       0
   10       3       9       5       0
   11       3       7      10       0
   12       3      10       5       0
   13       3      10      -2       0
    ];

end